163
129
175
160
135
170
143
171
109
137
145
196
146
192
128
103
190
124
196
169
176
181
162
178
173
110
159
112
137
151
159
196
116
116
129
195
177
108
156
167
1000206
1000051
120
119
177
173
183
144
110
187
183
118
180
198
154
122
144
166
124
156
199
100
197
119
187
130
115
189
153
126
183
105
124
119
147
125
115
138
102
117
169
146
113
174
113
133
175
151
148
165
166
140
186
174
145
146
152
163
199
158
170
184
174
109
133
142
196
164
181
172
161
173
170
156
192
146
132
108
190
169
146
165
142
185
192
170
176
119
159
133
182
139
197
113
169
161
118
173
110
162
149
136
186
183
181
172
132
157
127
174
164
112
171
105
105
155
133
180
194
146
167
174
187
169
107
110
159
153
159
182
145
199
115
188
129
145
166
184
135
165
123
158
178
126
151
120
194
169
158
181
173
118
145
199
199
105
123
192
166
186
158
174
